Java virtual_threads
Número de chamadas: 100
Tempo médio de resposta: 1036.27ms
Mediana: 1036.5ms
Desvio Padrão: 2.115915877344846
Variância: 4.477100000000008
Mínimo: 1031ms
Máximo: 1040ms
Falharam 0 requisições


Tempos em millisegundos:

1036
1035
1036
1036
1037
1035
1037
1036
1036
1035
1036
1038
1035
1036
1035
1036
1040
1036
1037
1038
1038
1040
1038
1038
1038
1037
1038
1038
1038
1039
1038
1038
1039
1039
1038
1038
1039
1039
1039
1038
1038
1038
1038
1038
1038
1038
1038
1038
1038
1038
1039
1038
1038
1038
1038
1037
1038
1036
1039
1038
1035
1035
1037
1037
1038
1037
1036
1035
1035
1035
1037
1036
1035
1036
1035
1035
1034
1036
1036
1034
1033
1034
1034
1034
1034
1034
1034
1034
1033
1034
1033
1033
1032
1034
1033
1031
1033
1032
1031
1031