Java virtual_threads
Número de chamadas: 250
Tempo médio de resposta: 1054.564ms
Mediana: 1056ms
Desvio Padrão: 6.4285226918787535
Variância: 41.32590400000005
Mínimo: 1041ms
Máximo: 1072ms
Falharam 0 requisições


Tempos em millisegundos:

1064
1064
1065
1064
1063
1066
1063
1063
1061
1063
1060
1065
1063
1062
1062
1065
1064
1060
1062
1061
1062
1061
1062
1063
1062
1064
1060
1061
1062
1061
1067
1061
1060
1060
1060
1060
1060
1059
1060
1059
1059
1059
1059
1060
1060
1060
1059
1058
1058
1059
1059
1058
1059
1058
1058
1058
1071
1057
1057
1058
1056
1056
1058
1056
1056
1056
1056
1055
1055
1055
1056
1056
1056
1056
1057
1072
1056
1060
1056
1056
1057
1057
1056
1056
1056
1055
1056
1055
1055
1054
1056
1056
1056
1055
1055
1055
1055
1055
1054
1055
1061
1060
1060
1061
1062
1062
1062
1061
1061
1061
1061
1058
1060
1060
1059
1059
1059
1058
1060
1056
1058
1059
1061
1062
1057
1060
1058
1059
1058
1060
1059
1059
1059
1057
1055
1055
1055
1057
1057
1056
1056
1054
1055
1055
1053
1060
1063
1054
1054
1060
1054
1053
1053
1054
1053
1054
1053
1053
1053
1054
1052
1053
1053
1053
1053
1052
1052
1052
1051
1052
1051
1052
1053
1051
1051
1051
1051
1052
1050
1051
1051
1050
1049
1050
1050
1049
1051
1049
1050
1053
1049
1049
1049
1048
1050
1049
1048
1049
1048
1049
1048
1047
1048
1047
1049
1047
1047
1049
1049
1045
1046
1047
1045
1047
1045
1044
1048
1046
1047
1045
1048
1045
1044
1044
1045
1043
1046
1045
1043
1043
1043
1043
1041
1049
1043
1042
1043
1042
1043
1041
1043
1044
1043
1042
1042
1042
1043
1041
1044
1042