Java virtual_threads
Número de chamadas: 500
Tempo médio de resposta: 1082.922ms
Mediana: 1084ms
Desvio Padrão: 13.684586804138453
Variância: 187.2679160000003
Mínimo: 1055ms
Máximo: 1107ms
Falharam 0 requisições


Tempos em millisegundos:

1100
1103
1102
1103
1102
1103
1102
1103
1104
1105
1104
1104
1101
1103
1103
1103
1104
1101
1102
1103
1102
1105
1102
1101
1101
1102
1106
1107
1102
1102
1107
1100
1103
1101
1101
1100
1102
1100
1100
1102
1102
1101
1101
1102
1101
1101
1102
1101
1102
1097
1098
1101
1101
1100
1100
1100
1098
1101
1101
1102
1101
1101
1101
1102
1100
1101
1100
1101
1099
1099
1100
1099
1101
1102
1101
1100
1102
1100
1100
1104
1099
1099
1099
1099
1099
1098
1099
1100
1100
1099
1100
1098
1098
1098
1098
1098
1098
1097
1098
1097
1098
1097
1104
1097
1097
1098
1097
1104
1097
1097
1094
1097
1097
1093
1097
1093
1098
1105
1098
1094
1094
1094
1094
1099
1094
1092
1092
1093
1091
1092
1096
1092
1093
1094
1093
1094
1094
1092
1090
1092
1093
1092
1095
1090
1090
1092
1091
1089
1091
1090
1091
1091
1091
1092
1090
1092
1093
1093
1091
1090
1091
1093
1093
1090
1090
1091
1093
1091
1084
1091
1091
1090
1088
1089
1089
1088
1089
1090
1089
1088
1090
1090
1091
1090
1091
1092
1079
1084
1091
1091
1089
1090
1090
1088
1085
1093
1089
1088
1087
1092
1087
1084
1087
1089
1089
1090
1090
1089
1090
1088
1088
1087
1087
1087
1082
1091
1084
1087
1083
1084
1083
1084
1087
1085
1083
1084
1084
1083
1085
1086
1087
1087
1084
1086
1088
1087
1088
1085
1083
1085
1086
1089
1086
1084
1083
1083
1083
1084
1092
1084
1082
1084
1083
1082
1084
1084
1084
1083
1080
1084
1080
1081
1081
1078
1083
1082
1083
1082
1084
1082
1080
1083
1083
1079
1081
1074
1081
1081
1086
1080
1080
1082
1081
1083
1080
1083
1086
1082
1080
1083
1080
1080
1081
1080
1078
1078
1080
1081
1079
1079
1080
1076
1077
1083
1076
1076
1081
1076
1081
1077
1074
1076
1074
1073
1077
1076
1077
1078
1076
1073
1082
1074
1076
1073
1073
1074
1073
1074
1074
1073
1072
1080
1071
1071
1072
1073
1073
1071
1072
1072
1072
1072
1074
1074
1074
1071
1070
1073
1075
1072
1083
1072
1073
1072
1071
1071
1071
1072
1071
1072
1071
1071
1071
1071
1071
1066
1064
1066
1064
1069
1071
1070
1070
1070
1089
1066
1069
1067
1064
1069
1070
1072
1066
1065
1066
1072
1065
1067
1068
1068
1069
1072
1071
1070
1073
1067
1068
1070
1066
1074
1071
1071
1066
1067
1064
1073
1058
1085
1077
1065
1079
1088
1067
1060
1066
1091
1061
1092
1059
1059
1066
1062
1060
1068
1065
1066
1059
1061
1059
1067
1063
1066
1064
1066
1066
1071
1069
1066
1064
1067
1065
1070
1069
1063
1067
1073
1070
1065
1067
1071
1072
1064
1068
1066
1075
1070
1070
1070
1062
1061
1061
1065
1061
1060
1071
1061
1055
1062
1060
1058
1056
1056
1059
1058
1056
1061
1062
1056
1056
1057
1061
1059
1061
1057
1061
1061
1062
1057
1061
1057
1063
1065
1071
1058
1058
1066
1078
1076
1074
1068