Java virtual_threads
Número de chamadas: 1000
Tempo médio de resposta: 1132.877ms
Mediana: 1131ms
Desvio Padrão: 7.5192999009216335
Variância: 56.53987100000009
Mínimo: 1120ms
Máximo: 1182ms
Falharam 0 requisições


Tempos em millisegundos:

1121
1120
1120
1121
1120
1121
1123
1123
1122
1122
1123
1122
1122
1122
1122
1122
1123
1123
1123
1123
1124
1124
1125
1125
1125
1122
1126
1124
1124
1124
1124
1124
1124
1124
1125
1125
1125
1125
1124
1125
1125
1126
1124
1125
1124
1127
1124
1125
1125
1125
1124
1129
1125
1124
1124
1124
1124
1124
1124
1124
1124
1124
1124
1125
1124
1123
1125
1124
1124
1125
1124
1124
1124
1124
1124
1124
1124
1124
1124
1124
1123
1125
1124
1123
1124
1124
1124
1124
1124
1124
1124
1123
1123
1124
1124
1124
1124
1123
1123
1124
1124
1125
1125
1125
1124
1124
1124
1124
1124
1124
1124
1123
1124
1125
1124
1124
1124
1125
1124
1124
1124
1124
1124
1124
1125
1125
1125
1124
1124
1124
1124
1124
1125
1124
1124
1124
1124
1124
1124
1125
1124
1124
1124
1124
1124
1124
1123
1125
1124
1124
1125
1124
1126
1124
1124
1124
1124
1124
1124
1124
1124
1124
1124
1125
1124
1125
1124
1125
1124
1124
1124
1124
1124
1124
1124
1124
1125
1124
1125
1125
1125
1124
1125
1124
1124
1124
1124
1124
1124
1124
1125
1124
1124
1125
1124
1124
1124
1124
1124
1124
1124
1124
1125
1124
1125
1125
1125
1124
1124
1124
1124
1124
1124
1124
1124
1125
1124
1125
1125
1124
1124
1124
1124
1124
1125
1124
1124
1124
1126
1124
1125
1124
1125
1124
1125
1124
1124
1125
1124
1124
1124
1124
1125
1124
1124
1125
1125
1124
1124
1124
1124
1125
1124
1124
1125
1125
1143
1142
1143
1144
1143
1143
1144
1144
1144
1144
1143
1141
1144
1142
1143
1145
1144
1144
1143
1142
1143
1142
1142
1145
1145
1144
1143
1145
1144
1143
1142
1143
1143
1142
1143
1143
1142
1143
1143
1146
1146
1142
1142
1142
1141
1142
1142
1143
1143
1142
1143
1144
1144
1142
1142
1144
1141
1142
1143
1143
1143
1142
1147
1139
1141
1143
1140
1142
1148
1143
1149
1143
1146
1142
1141
1143
1143
1141
1143
1143
1145
1144
1142
1143
1143
1143
1146
1143
1141
1143
1142
1142
1143
1143
1143
1142
1143
1143
1143
1143
1144
1143
1144
1142
1143
1143
1143
1144
1143
1142
1143
1143
1147
1140
1137
1142
1139
1139
1143
1138
1141
1144
1142
1142
1141
1142
1140
1139
1142
1144
1140
1141
1143
1140
1141
1144
1145
1144
1142
1143
1146
1144
1143
1146
1141
1145
1145
1143
1141
1147
1135
1141
1141
1142
1140
1143
1138
1137
1145
1143
1142
1142
1132
1141
1140
1140
1140
1141
1142
1139
1148
1141
1134
1140
1145
1134
1139
1140
1144
1143
1139
1143
1141
1142
1144
1143
1149
1142
1146
1142
1141
1144
1140
1141
1136
1145
1144
1146
1143
1137
1146
1142
1144
1134
1133
1132
1146
1138
1148
1134
1137
1137
1136
1138
1138
1134
1137
1137
1136
1136
1137
1136
1137
1136
1138
1136
1139
1138
1140
1135
1138
1136
1138
1139
1135
1138
1141
1141
1139
1141
1137
1141
1140
1138
1141
1138
1152
1141
1142
1137
1140
1137
1138
1137
1138
1137
1137
1138
1135
1134
1137
1137
1136
1136
1138
1135
1137
1137
1145
1137
1137
1137
1138
1136
1138
1139
1138
1139
1137
1139
1139
1137
1138
1137
1137
1142
1133
1133
1133
1133
1137
1136
1136
1137
1146
1136
1135
1136
1138
1138
1134
1138
1134
1136
1138
1136
1139
1137
1139
1136
1138
1138
1137
1137
1138
1137
1136
1135
1137
1139
1140
1137
1136
1137
1137
1137
1138
1137
1137
1137
1137
1136
1137
1136
1138
1135
1137
1136
1135
1150
1150
1134
1137
1135
1135
1143
1140
1137
1136
1139
1135
1145
1139
1135
1136
1135
1137
1137
1138
1138
1139
1141
1140
1136
1138
1139
1137
1140
1141
1137
1138
1138
1140
1136
1137
1138
1138
1139
1138
1138
1138
1139
1159
1137
1137
1137
1138
1138
1138
1137
1133
1134
1133
1137
1147
1137
1135
1152
1132
1135
1133
1136
1134
1134
1133
1136
1135
1133
1137
1135
1139
1139
1139
1137
1139
1135
1146
1134
1136
1135
1136
1146
1144
1137
1135
1135
1135
1139
1139
1144
1139
1139
1138
1139
1139
1139
1137
1135
1135
1134
1135
1134
1135
1135
1134
1135
1141
1135
1136
1142
1141
1135
1134
1141
1134
1134
1134
1135
1135
1138
1134
1159
1134
1134
1135
1130
1134
1130
1135
1130
1135
1131
1130
1131
1130
1131
1131
1130
1130
1130
1131
1131
1131
1130
1130
1130
1130
1130
1138
1130
1139
1130
1130
1139
1131
1129
1129
1143
1131
1130
1130
1130
1131
1130
1131
1131
1131
1130
1129
1130
1133
1131
1182
1130
1130
1130
1130
1130
1131
1131
1131
1131
1130
1130
1130
1130
1130
1130
1130
1130
1131
1130
1130
1130
1130
1134
1135
1130
1130
1130
1130
1130
1133
1130
1130
1130
1130
1130
1130
1130
1130
1129
1130
1129
1130
1130
1130
1130
1130
1136
1132
1131
1129
1129
1129
1130
1129
1130
1131
1130
1130
1130
1130
1129
1137
1129
1129
1129
1130
1131
1130
1130
1130
1130
1129
1130
1129
1129
1129
1129
1130
1130
1130
1129
1130
1129
1129
1129
1129
1129
1129
1128
1130
1130
1129
1130
1129
1129
1129
1129
1129
1129
1129
1128
1128
1129
1129
1130
1129
1129
1129
1129
1129
1129
1128
1128
1129
1129
1129
1129
1129
1128
1128
1128
1129
1128
1128
1128
1129
1129
1128
1128
1129
1128
1129
1128
1128
1128
1128
1128
1128
1128
1129
1128
1128
1128
1128
1128
1128
1128
1128
1127
1127
1128
1128
1128
1128
1128
1128
1127
1128
1128
1127
1127
1127
1128
1128
1128
1128
1127
1128
1127
1128
1127
1127
1127
1128
1128
1128
1128
1127
1128
1127
1127
1127
1127
1128
1128
1128
1128
1127
1127
1127
1127
1127
1127
1128
1128
1127
1127
1127
1128
1127
1127
1127
1127
1128
1128
1127
1128
1127
1127
1127
1127
1128
1127
1128
1128
1128
1128
1127
1127
1127
1127
1127
1127
1128
1127
1128
1128
1128
1139
1132
1139