Java virtual_threads
Número de chamadas: 100
Tempo médio de resposta: 17118.33ms
Mediana: 17149.5ms
Desvio Padrão: 1678.4673428756366
Variância: 2817252.6211
Mínimo: 13891ms
Máximo: 19931ms
Falharam 0 requisições


Tempos em millisegundos:

13891
14003
14075
14142
14215
14410
14651
14698
14763
14807
14876
14942
15016
15045
15106
15183
15260
15295
15368
15400
15449
15494
15566
15618
15653
15733
15765
15874
15918
15954
16034
16080
16143
16184
16273
16307
16367
16433
16517
16536
16626
16670
16722
16761
16844
16902
16935
17011
17083
17132
17167
17220
17285
17353
17393
17447
17504
17579
17633
17697
17766
17808
17863
17917
17986
18009
18060
18135
18191
18239
18312
18357
18435
18481
18533
18597
18638
18703
18787
18830
18883
18942
19011
19063
19108
19160
19209
19274
19319
19386
19416
19494
19562
19600
19656
19708
19749
19833
19874
19931