Java virtual_threads
Número de chamadas: 250
Tempo médio de resposta: 27592.588ms
Mediana: 29504.5ms
Desvio Padrão: 8105.192417349262
Variância: 65694144.12225597
Mínimo: 13581ms
Máximo: 38943ms
Falharam 0 requisições


Tempos em millisegundos:

13581
13637
13826
14149
14195
14357
14443
14520
14614
14681
14795
14875
14944
15051
15131
15232
15309
15385
15484
15587
15653
15771
15829
16109
16144
16250
16334
16429
16536
16661
16740
16786
16929
17007
17123
17190
17282
17363
17464
17584
17634
17702
17823
17884
17993
18097
18212
18294
18320
18483
18548
18623
18751
18828
18919
18995
19130
19212
19260
19383
19492
19544
19616
19828
19896
19975
20038
20146
20239
20331
20443
20512
20630
20692
20763
20930
20971
21063
21168
21252
21374
21447
21552
21593
21784
21848
21918
22006
22077
22201
22244
22382
22445
22519
22598
22681
22747
22859
22957
23072
26888
27045
27100
27213
27281
27473
27546
27630
27950
28021
28128
28150
28328
28399
28449
28569
28665
28773
28838
28974
29045
29059
29209
29316
29482
29527
29662
29688
29854
29904
29967
30081
30144
30288
30344
30470
30547
30597
30724
30857
30873
30986
31052
31158
31272
31355
31442
31495
31626
31693
31771
31834
31906
32064
32081
32222
32273
32336
32479
32539
32627
32718
32790
33043
33112
33213
33299
33460
33487
33563
33662
33752
33851
33920
34069
34141
34218
34299
34405
34475
34594
34678
34728
34838
34898
34991
35071
35182
35280
35335
35422
35504
35605
35640
35704
35784
35822
35867
35936
35981
36147
36198
36256
36307
36376
36430
36491
36554
36626
36694
36728
36799
36854
36906
36957
37021
37099
37142
37206
37232
37300
37361
37412
37475
37526
37570
37643
37676
37747
37816
37865
37936
38002
38036
38087
38142
38196
38245
38346
38378
38398
38505
38549
38595
38674
38707
38789
38809
38886
38943