Java normal_threads
Número de chamadas: 1000
Tempo médio de resposta: 73953.455ms
Mediana: 73583.5ms
Desvio Padrão: 35765.55256175943
Variância: 1279174750.0479767
Mínimo: 11724ms
Máximo: 132329ms
Falharam 4 requisições


Tempos em millisegundos:

11724
11843
12170
12269
12402
12492
12628
12726
12797
12892
12967
13061
13142
13255
13735
13819
13975
14082
14226
14311
14497
14583
14704
15165
15239
15434
15543
15724
15852
16040
16117
16315
16459
16566
16729
16833
17005
17084
17242
17340
17441
17582
17662
17812
17904
18091
18232
18334
18463
18546
18749
18839
19008
19077
19171
19313
19395
19513
19604
19742
19861
20029
20148
20327
20395
20551
20632
20774
20972
21059
21133
21281
21370
21498
21601
21708
21768
21856
21982
22077
22237
22342
22469
22566
22643
22769
22855
22998
23067
23152
23284
23368
23517
23600
23667
23791
23889
24016
24075
24209
24438
24528
24616
24701
24829
24941
25034
25172
25276
25428
25717
25806
26011
26134
26270
26348
26525
26587
26752
26842
27013
27051
27190
27259
27419
27469
27595
27672
27778
27922
28041
28188
28302
28367
28496
28566
28736
28818
28947
29023
29127
29272
29639
29745
29917
29985
30124
30221
30345
30427
30495
30704
30940
31000
31176
31230
31346
31443
31613
31678
31756
31908
31969
32119
32174
32347
32426
32574
32715
32801
33006
33115
33236
33379
33470
33595
33675
33794
33873
33953
34086
34172
34317
34410
34495
34601
34701
34831
34895
35031
35123
35227
35333
35664
35744
35920
35975
36179
36249
36339
36566
36626
36788
36876
37075
37130
37331
37447
37510
37668
37754
37910
37982
38120
38226
38364
38468
38580
38733
38830
38941
39099
39206
39350
39439
39601
39723
39809
40004
40063
40295
40372
40451
40586
40674
40842
40958
41079
41182
41330
41782
41923
42058
42148
42284
42410
42631
42721
42813
42975
43069
43230
43481
43594
43688
43804
43934
44037
44137
44270
44327
44506
44617
44767
44822
44931
45076
45182
45408
45497
45580
45708
45792
45940
46015
46154
46244
46347
46520
46642
46799
46915
47019
47149
47240
47427
47529
47657
47734
47888
47973
48054
48175
48257
48410
48483
48599
48658
48753
48898
49384
49477
49616
49710
49916
49947
50095
50171
50235
50438
50563
50651
50806
50876
51074
51120
51251
51302
51394
51516
51589
51773
51877
51969
52119
52190
52350
52446
52606
52716
52819
52989
53032
53245
53365
53460
53583
53710
53837
53927
54095
54167
54221
54382
54478
54635
54741
54839
54950
55061
55185
55258
55788
55895
56045
56173
56314
56484
56549
56637
56737
56819
56989
57151
57223
57308
57493
57587
57713
57791
57934
58071
58161
58318
58417
58579
58685
58778
58889
58995
59117
59210
59376
59439
59534
59657
59749
59910
60029
60103
60220
60348
60516
60579
60723
60801
60888
60994
61083
61223
61750
61827
61990
62102
62200
62355
62434
62565
62632
62769
62848
62930
63092
63146
63331
63418
63488
63632
63702
63847
63908
64067
64146
64219
64390
64477
64653
64731
64855
64997
65059
65212
65280
65443
65527
65629
65812
65911
65961
66120
66188
66316
66395
66522
66626
66705
66908
67037
67112
67208
67278
67428
67443
68045
68133
68279
68343
68486
68566
68743
68855
68952
69110
69197
69364
69451
69621
69708
69754
69921
69997
70159
70270
70317
70492
70618
70772
70828
70966
71042
71133
71278
71360
71543
71634
71729
71839
71936
72062
72202
72346
72411
72495
72709
72776
72968
73175
73271
73445
73528
73639
74231
74325
74523
74646
74720
74866
74931
75074
75166
75319
75405
75477
75608
75684
75864
75964
76046
76195
76280
76424
76505
76634
76728
76816
76966
77069
77272
77370
77483
77627
77695
77882
77965
78076
78151
78223
78417
78495
78603
78726
78806
78937
79035
79164
79259
79386
79595
79681
79812
79975
80072
80218
80855
80945
81152
81256
81424
81496
81644
81746
81818
81964
82054
82186
82271
82385
82486
82570
82721
82787
82987
83091
83174
83327
83410
83582
83660
83780
83855
83936
84116
84210
84288
84410
84499
84655
84757
84897
84973
85063
85267
85355
85442
85578
85693
85865
85971
86137
86237
86370
86910
86984
87129
87207
87395
87488
87572
87701
87783
87918
87994
88152
88236
88313
88447
88539
88731
88855
88958
89095
89187
89329
89410
89555
89648
89715
89907
89985
90110
90260
90352
90512
90583
90710
90797
90884
91048
91161
91233
91383
91470
91621
91698
91852
91920
92084
92167
92238
92376
92445
92585
92662
92914
93050
93197
93375
93688
93767
94125
94212
94331
94443
94597
94689
94752
94890
94986
95137
95225
95375
95449
95521
95695
95813
95932
96058
96152
96315
96406
96545
96627
96795
96909
97028
97224
97336
97432
97552
97647
97827
97925
98102
98240
98336
98467
98555
98732
98807
98929
99056
99276
99482
99568
99693
99788
99926
100001
100178
100520
100607
100738
100823
101009
101085
101177
101307
101393
101534
101621
101771
101844
101928
102285
102395
102562
102643
102806
102878
103040
103123
103205
103337
103410
103531
103610
103759
103854
103925
104118
104225
104318
104452
104525
104662
104748
104877
104969
105062
105239
105340
105463
105549
105662
105741
105974
106071
106238
106311
106503
106593
106716
106803
106936
107000
107224
107314
107600
107692
107848
107957
108136
108226
108338
108466
108548
108680
108767
108924
109011
109109
109279
109363
109445
109580
109657
109787
109880
109993
110108
110225
110297
110447
110541
110691
110773
110962
111049
111135
111275
111376
111641
111748
111910
112013
112151
112251
112360
112455
112616
112747
112832
112941
113018
113184
113408
113527
113619
113786
113887
114023
114103
114234
114328
114440
114526
114627
114734
114826
114966
115145
115243
115378
115460
115646
115758
115843
115932
116043
116173
116245
116325
116435
116520
116668
116756
116926
117014
117095
117272
117381
117880
118170
118295
118418
118523
118685
118804
118885
118997
119080
119221
119296
119466
119871
120050
120226
120313
120475
120557
120672
120802
120900
121053
121169
121310
121391
121476
121655
121798
121950
122033
122187
122297
122535
122651
122790
122970
123058
123171
123308
123388
123514
123604
123785
123873
123939
124062
124140
124361
124470
124589
124661
124838
124929
124996
125130
125225
125398
125547
125649
125799
125866
125941
126067
126143
126279
126369
126545
126625
126790
126866
127010
127118
127266
127341
127431
127560
127644
127752
127837
127935
128102
128211
128277
128380
128452
128553
128622
128727
128782
128840
128918
128971
129066
129114
129178
129227
129310
129354
129494
129524
129588
129652
129717
129752
129823
129880
129927
129991
130041
130108
130204
130251
130313
130365
130444
130490
130541
130604
130654
130719
130768
130836
130882
130931
131015
131075
131124
131190
131242
131305
131355
131416
131469
131517
131587
131647
131696
131754
131808
131872
131920
131986
132035
132085
132161
132215
132267
132329