Java normal_threads
Número de chamadas: 250
Tempo médio de resposta: 26508.576ms
Mediana: 27968.5ms
Desvio Padrão: 7423.24268956795
Variância: 55104532.028224014
Mínimo: 12095ms
Máximo: 36855ms
Falharam 0 requisições


Tempos em millisegundos:

12095
12294
12702
12797
12895
12980
13083
13364
13435
13570
13659
13780
13856
13955
14086
14179
14328
14413
14587
14666
14763
14940
15043
15131
15295
15352
15495
15581
15732
15789
15891
16053
16132
16201
16346
16632
16704
16865
16972
17149
17222
17318
17467
17536
17672
17739
17873
18022
18122
18273
18338
18511
18616
18803
18912
19012
19173
19297
19475
19576
19714
19798
19857
20084
20149
20311
20386
20609
20735
20853
21011
21109
21277
21381
21523
21600
21693
21930
22023
22101
22223
22340
22485
22606
22792
22901
23019
23241
23397
23480
23643
23744
23880
23975
24156
24228
24302
24441
24567
24674
25233
25325
25484
25583
25672
25809
25880
25976
26060
26204
26266
26365
26517
26604
26700
26812
26977
27124
27244
27351
27453
27579
27717
27777
27923
28014
28062
28232
28282
28366
28464
28551
28756
28858
28997
29083
29166
29315
29419
29477
29606
29734
29805
29899
29998
30096
30209
30354
30424
30508
30615
30686
30817
30940
31056
31127
31190
31264
31326
31376
31451
31521
31554
31638
31664
31731
31766
31848
31939
31958
32039
32068
32173
32213
32258
32307
32394
32465
32505
32578
32781
32840
32924
32959
33041
33054
33138
33193
33242
33299
33359
33432
33460
33569
33578
33642
33709
33789
33813
33885
34000
34034
34102
34180
34229
34280
34346
34426
34464
34542
34565
34658
34697
34730
34790
34847
34913
34972
35021
35090
35167
35236
35269
35316
35399
35439
35503
35568
35628
35683
35718
35775
35831
35917
35967
35988
36084
36141
36183
36240
36317
36371
36419
36483
36553
36561
36670
36742
36766
36855