Java normal_threads
Número de chamadas: 500
Tempo médio de resposta: 42034.352ms
Mediana: 42106.5ms
Desvio Padrão: 16943.811401337538
Variância: 287092744.8040959
Mínimo: 11642ms
Máximo: 68007ms
Falharam 3 requisições


Tempos em millisegundos:

11642
11786
11897
12010
12341
12404
12966
13044
13174
13288
13390
13508
13634
13754
13919
13985
14142
14235
14317
14483
14566
14745
14823
14887
15015
15130
15223
15325
15454
15580
15684
16089
16168
16334
16424
16617
16703
16875
16989
17051
17233
17318
17426
17515
17687
17752
17827
17974
18099
18345
18437
18542
18676
18797
18982
19050
19226
19343
19448
19577
19689
19836
19946
20038
20142
20233
20379
20452
20557
20664
20731
20947
21026
21121
21220
21317
21479
21549
21719
21811
21867
22091
22174
22270
22386
22476
22604
22746
22903
22984
23074
23279
23359
23500
23633
23731
23870
23986
24131
24180
24318
24410
24544
24637
24801
24897
24983
25075
25249
25325
25472
25564
25650
25775
25852
26202
26617
26718
26863
26934
27057
27149
27286
27361
27451
27652
27707
27826
27951
28041
28174
28244
28356
28458
28540
28682
28766
28835
28982
29051
29184
29292
29454
29537
29597
29824
29891
29987
30127
30208
30361
30423
30562
30850
30954
31092
31184
31311
31384
31537
31636
31695
31807
31905
32033
32097
32239
32317
32394
32545
32671
32761
32882
32933
33083
33165
33298
33346
33416
33660
33753
33843
33956
34029
34174
34259
34388
34443
34552
34618
34775
34892
35111
35246
35367
35475
35562
35697
35778
35967
36075
36230
36333
36475
36588
36775
36911
37053
37196
37309
37488
37573
37700
37823
38050
38146
38455
38563
38768
38826
38980
39080
39267
39345
39489
39579
39694
39797
39900
39978
40064
40180
40290
40426
40494
40625
40705
40786
40958
41023
41119
41241
41318
41447
41508
41657
41732
41815
41968
42060
42153
42284
42440
42589
42874
42976
43127
43256
43399
43518
43653
43748
43919
43987
44136
44237
44291
44487
44596
44804
44894
45022
45113
45214
45408
45510
45607
45751
45869
45985
46078
46194
46289
46375
46567
46648
46738
46880
46995
47076
47186
47257
47372
47457
47634
47740
47853
47978
48051
48233
48311
48391
48511
48665
48814
48948
49105
49190
49314
49386
49473
49571
49727
50008
50092
50223
50381
50479
50560
50713
50964
51080
51178
51351
51477
51614
51699
51854
51964
52059
52262
52353
52450
52591
52678
52834
52900
53035
53117
53184
53386
53469
53549
53675
53748
53870
53970
54084
54177
54252
54414
54520
54622
54777
54855
55018
55163
55247
55405
55492
55647
55745
55918
56174
56244
56434
56540
56609
56742
56818
56952
57036
57160
57238
57313
57565
57707
57826
57979
58030
58163
58244
58418
58601
58701
58848
58941
59117
59210
59378
59498
59585
59712
59786
59934
60029
60182
60280
60378
60555
60636
60717
60885
61085
61197
61333
61453
61583
61675
61810
61898
61994
62123
62203
62324
62401
62484
62626
62702
62884
63056
63143
63260
63340
63467
63532
63654
63746
63828
63927
63979
64048
64100
64144
64212
64250
64318
64377
64434
64479
64542
64593
64666
64729
64778
64813
64892
64963
65014
65060
65109
65185
65217
65287
65330
65389
65465
65531
65571
65623
65664
65730
65789
65976
66020
66067
66123
66201
66227
66309
66370
66409
66461
66518
66575
66624
66701
66745
66790
66858
66920
66981
67047
67079
67141
67213
67266
67316
67365
67449
67487
67548
67604
67669
67731
67779
67839
67897
67934
68007