Java virtual_threads
Número de chamadas: 1000
Tempo médio de resposta: 1142.308ms
Mediana: 1138ms
Desvio Padrão: 12.129515076869323
Variância: 147.1251360000002
Mínimo: 1126ms
Máximo: 1172ms
Falharam 0 requisições


Tempos em millisegundos:

1126
1127
1127
1128
1128
1127
1127
1127
1126
1128
1128
1128
1127
1127
1127
1127
1128
1127
1130
1127
1127
1128
1128
1127
1129
1128
1128
1128
1128
1129
1129
1128
1129
1128
1129
1128
1129
1129
1129
1130
1130
1131
1129
1127
1128
1129
1130
1129
1129
1129
1129
1129
1129
1128
1130
1130
1130
1130
1129
1129
1129
1130
1130
1130
1130
1130
1131
1129
1128
1129
1129
1129
1129
1129
1129
1130
1130
1131
1130
1130
1131
1131
1130
1129
1129
1129
1130
1129
1129
1131
1130
1130
1130
1129
1129
1129
1129
1130
1129
1129
1130
1129
1130
1130
1130
1131
1130
1130
1130
1130
1129
1129
1129
1128
1128
1130
1129
1130
1130
1129
1129
1130
1130
1130
1130
1129
1130
1130
1130
1130
1129
1129
1129
1129
1129
1129
1129
1129
1130
1130
1129
1129
1130
1131
1131
1131
1130
1129
1129
1129
1129
1130
1130
1129
1129
1130
1130
1130
1129
1130
1130
1129
1129
1129
1129
1130
1129
1129
1130
1130
1130
1130
1129
1130
1130
1129
1129
1130
1129
1129
1129
1129
1129
1130
1130
1130
1130
1130
1130
1130
1129
1129
1129
1129
1129
1129
1129
1129
1130
1128
1129
1128
1128
1130
1129
1128
1127
1130
1127
1127
1127
1128
1128
1131
1128
1128
1131
1127
1128
1128
1128
1127
1127
1127
1127
1127
1128
1128
1128
1128
1129
1127
1128
1127
1128
1127
1127
1127
1127
1127
1128
1130
1130
1128
1128
1128
1128
1127
1127
1127
1127
1129
1128
1129
1128
1130
1162
1161
1159
1162
1162
1163
1162
1161
1162
1163
1163
1162
1163
1162
1164
1164
1162
1163
1163
1162
1165
1163
1164
1162
1161
1163
1163
1163
1163
1155
1157
1162
1159
1162
1163
1164
1163
1162
1162
1163
1163
1164
1163
1162
1162
1163
1162
1164
1159
1163
1164
1163
1162
1161
1163
1164
1163
1163
1163
1162
1163
1162
1162
1160
1163
1161
1160
1168
1163
1161
1162
1162
1161
1163
1162
1161
1163
1164
1164
1161
1161
1161
1162
1165
1162
1158
1165
1161
1160
1162
1159
1162
1160
1162
1160
1161
1160
1162
1162
1162
1166
1161
1163
1163
1164
1161
1163
1162
1162
1162
1161
1161
1161
1162
1163
1162
1172
1158
1161
1160
1157
1163
1159
1158
1158
1162
1160
1162
1160
1160
1159
1162
1160
1161
1161
1164
1160
1161
1162
1163
1160
1163
1162
1160
1164
1157
1160
1157
1158
1160
1160
1160
1159
1159
1158
1158
1160
1160
1159
1160
1159
1162
1161
1161
1161
1159
1161
1161
1159
1159
1163
1161
1163
1159
1159
1159
1155
1158
1150
1151
1161
1156
1158
1157
1156
1159
1159
1166
1152
1157
1153
1159
1160
1159
1159
1160
1153
1159
1157
1153
1152
1152
1158
1160
1158
1159
1154
1158
1153
1159
1152
1154
1153
1152
1152
1154
1152
1153
1152
1153
1152
1151
1152
1151
1151
1151
1152
1152
1153
1152
1151
1151
1152
1151
1151
1151
1149
1152
1149
1149
1151
1151
1151
1150
1152
1150
1151
1150
1150
1151
1151
1152
1151
1150
1153
1152
1153
1162
1152
1152
1150
1150
1151
1151
1151
1151
1154
1151
1151
1150
1149
1149
1150
1149
1150
1150
1151
1151
1150
1149
1150
1148
1158
1148
1148
1149
1148
1150
1149
1150
1148
1148
1148
1148
1147
1159
1145
1169
1147
1148
1147
1149
1148
1149
1150
1149
1148
1148
1149
1148
1149
1148
1150
1150
1148
1149
1147
1148
1148
1147
1152
1147
1148
1148
1148
1148
1146
1147
1148
1147
1147
1149
1148
1149
1147
1147
1147
1148
1146
1155
1145
1146
1147
1158
1147
1146
1148
1147
1148
1155
1147
1146
1146
1147
1147
1147
1159
1148
1147
1145
1150
1146
1146
1147
1147
1146
1147
1145
1146
1146
1146
1145
1146
1146
1145
1145
1144
1146
1148
1146
1146
1145
1145
1145
1145
1145
1148
1146
1146
1145
1145
1145
1146
1145
1144
1145
1150
1148
1144
1150
1145
1142
1149
1144
1145
1145
1145
1143
1146
1146
1142
1142
1145
1142
1145
1146
1146
1145
1145
1151
1145
1145
1143
1145
1144
1145
1144
1145
1144
1144
1145
1145
1144
1143
1143
1143
1143
1143
1142
1143
1144
1143
1143
1143
1143
1143
1143
1142
1147
1147
1142
1143
1142
1143
1143
1143
1143
1143
1142
1142
1142
1142
1142
1137
1142
1138
1138
1138
1146
1136
1136
1137
1137
1148
1137
1151
1136
1138
1138
1138
1136
1138
1138
1139
1138
1146
1144
1137
1138
1138
1138
1138
1138
1138
1137
1139
1137
1137
1137
1138
1136
1137
1137
1137
1137
1136
1137
1137
1136
1136
1136
1138
1136
1136
1136
1137
1137
1136
1139
1136
1137
1139
1136
1135
1136
1140
1139
1161
1137
1157
1135
1157
1156
1136
1138
1136
1134
1137
1137
1137
1137
1138
1137
1137
1137
1131
1131
1136
1136
1139
1139
1137
1137
1139
1137
1137
1137
1138
1137
1137
1136
1137
1137
1136
1137
1132
1137
1136
1137
1136
1136
1137
1137
1137
1137
1138
1137
1136
1136
1136
1133
1136
1136
1136
1136
1137
1137
1136
1136
1136
1136
1136
1134
1138
1134
1135
1134
1137
1137
1134
1137
1137
1137
1135
1136
1134
1136
1135
1136
1134
1135
1136
1136
1137
1135
1135
1135
1135
1135
1134
1134
1134
1134
1134
1135
1135
1135
1134
1134
1138
1134
1134
1134
1135
1134
1135
1135
1134
1134
1134
1134
1134
1134
1134
1132
1135
1131
1135
1134
1134
1134
1134
1134
1133
1134
1133
1134
1134
1135
1134
1134
1134
1133
1135
1133
1133
1133
1133
1133
1131
1135
1134
1135
1135
1134
1133
1133
1133
1133
1133
1133
1133
1133
1132
1133
1133
1134
1133
1133
1133
1133
1134
1133
1134
1133
1131
1134
1131
1133
1133
1133
1133
1133
1131
1134
1133
1133
1131
1133
1133
1133
1134
1134
1133
1133
1133
1134
1132
1133
1135
1133
1134
1133
1132
1134
1133
1133
1132
1135
1132
1132
1132
1134
1133
1133
1133
1133
1133
1132
1134
1132
1132
1132
1151