Java normal_threads
Número de chamadas: 250
Tempo médio de resposta: 1247.808ms
Mediana: 1060ms
Desvio Padrão: 382.621519436636
Variância: 146399.22713600003
Mínimo: 1043ms
Máximo: 2021ms
Falharam 0 requisições


Tempos em millisegundos:

1065
1064
1067
1064
1064
1064
1065
1065
1063
1063
1064
1066
1067
1067
1067
1065
1065
1066
1063
1064
1063
1061
1064
1063
1064
1065
1065
1064
1063
1065
1061
1062
1062
1062
1063
1061
1064
1061
1064
1065
1061
1060
1063
1061
1063
1060
1072
1063
1060
1062
1063
1065
1059
1063
1058
1059
1061
1073
1060
1063
1070
1062
1062
1060
1060
1060
1059
1066
1062
1059
1060
1060
1060
1059
1061
1061
1060
1065
1060
1061
1061
1061
1060
1060
1060
1060
1060
1060
1060
1061
1060
1060
1059
1059
1059
1060
1059
1060
1059
1059
1058
1058
1058
1058
1058
1060
1060
1059
1058
1056
1059
1056
1057
1056
1057
1056
1055
1056
1056
1056
1056
1055
1055
1055
1055
1054
1055
1055
1056
1055
1054
1054
1054
1054
1055
1054
1054
1054
1053
1053
1054
1053
1053
1053
1053
1052
1051
1049
1049
1049
1051
1049
1049
1049
1049
1048
1048
1048
1048
1048
1048
1048
1048
1048
1047
1047
1047
1048
1048
1047
1047
1047
1047
1046
1046
1046
1047
1047
1046
1045
1046
1046
1045
1045
1047
1046
1045
1045
1045
1045
1044
1044
1044
1044
1044
1044
1043
1044
1043
1043
2014
2012
2013
2011
2012
2013
2011
2011
2009
2012
2012
2012
2018
2018
2008
2008
2010
2016
2010
2009
2009
2016
2015
2008
2018
2010
2014
2008
2011
2010
2019
2008
2009
2016
2015
2008
2010
2013
2020
2018
2019
2010
2021
2016
2010
2012
2018
2019
2017
2011