Java normal_threads
Número de chamadas: 500
Tempo médio de resposta: 1869.768ms
Mediana: 2051ms
Desvio Padrão: 719.9012336258359
Variância: 518257.7861760003
Mínimo: 1089ms
Máximo: 3040ms
Falharam 0 requisições


Tempos em millisegundos:

1103
1104
1106
1107
1102
1105
1104
1104
1106
1107
1106
1109
1108
1108
1105
1110
1105
1108
1108
1104
1109
1109
1110
1106
1105
1103
1105
1105
1105
1106
1111
1104
1106
1107
1105
1106
1104
1106
1106
1105
1105
1106
1114
1105
1104
1105
1105
1105
1104
1106
1103
1105
1104
1105
1109
1105
1102
1103
1105
1104
1116
1107
1112
1108
1106
1104
1104
1106
1115
1109
1103
1104
1117
1105
1108
1106
1103
1108
1105
1106
1104
1102
1102
1106
1101
1103
1103
1104
1102
1107
1102
1102
1100
1100
1102
1101
1107
1102
1097
1100
1107
1096
1102
1097
1107
1107
1097
1097
1096
1095
1107
1097
1096
1116
1095
1107
1095
1095
1098
1095
1097
1107
1095
1097
1095
1094
1093
1094
1093
1093
1106
1096
1092
1091
1092
1094
1091
1106
1093
1107
1094
1092
1091
1090
1103
1110
1096
1091
1090
1089
1091
1089
1102
1094
1102
1095
1089
1089
1094
1091
1101
1089
1090
1094
1093
1089
1100
1089
1090
1098
1092
1111
1102
1093
1118
1090
1104
1100
1093
1100
1101
1101
1119
1098
1094
1097
1096
1117
1096
1096
1097
1095
1102
1111
1094
1106
1093
1094
1093
1101
2069
2064
2067
2066
2066
2066
2067
2068
2065
2065
2065
2065
2065
2070
2064
2068
2070
2069
2063
2063
2066
2065
2069
2063
2064
2060
2064
2064
2061
2059
2061
2069
2063
2059
2066
2060
2065
2057
2062
2074
2060
2059
2059
2058
2057
2057
2073
2057
2072
2060
2058
2057
2058
2062
2059
2057
2058
2056
2057
2057
2075
2058
2057
2055
2056
2057
2056
2056
2055
2055
2055
2075
2056
2055
2055
2077
2055
2054
2054
2053
2055
2054
2054
2053
2053
2054
2053
2051
2051
2051
2052
2051
2051
2051
2051
2051
2050
2050
2079
2051
2051
2051
2050
2050
2050
2050
2050
2049
2050
2050
2050
2050
2050
2049
2049
2049
2049
2049
2048
2081
2049
2049
2081
2082
2049
2048
2048
2048
2048
2048
2082
2081
2048
2081
2047
2047
2047
2080
2046
2046
2080
2047
2081
2080
2081
2080
2047
2078
2046
2076
2080
2079
2047
2078
2047
2076
2075
2078
2076
2075
2047
2048
2074
2047
2071
2046
2073
2071
2046
2047
2069
2070
2065
2064
2058
2063
2046
2065
2056
2060
2058
2055
2065
2048
2069
2053
2049
2054
2053
2057
2053
2069
2068
2067
2052
2054
2056
2049
2051
2057
3030
3025
3026
3024
3025
3025
3029
3027
3029
3026
3027
3029
3028
3024
3026
3023
3026
3031
3026
3025
3029
3024
3030
3026
3025
3025
3030
3031
3025
3031
3025
3029
3024
3026
3033
3024
3027
3024
3033
3026
3026
3026
3027
3027
3026
3031
3033
3028
3035
3028
3037
3029
3027
3026
3029
3028
3030
3028
3025
3039
3028
3039
3024
3028
3025
3028
3040
3025
3025
3025
3024
3024
3039
3026
3025
3025
3025
3024
3024
3023
3025
3025
3024
3024
3024
3024
3023
3021
3023
3024
3022
3022
3022
3021
3021
3021
3021
3021
3021
3022