Java normal_threads
Número de chamadas: 1000
Tempo médio de resposta: 3096.214ms
Mediana: 3084ms
Desvio Padrão: 1376.106276493205
Variância: 1893668.4842039933
Mínimo: 1143ms
Máximo: 5063ms
Falharam 0 requisições


Tempos em millisegundos:

1147
1150
1148
1149
1150
1149
1149
1150
1148
1149
1152
1150
1151
1151
1149
1148
1149
1149
1149
1149
1153
1150
1148
1150
1150
1149
1149
1149
1154
1148
1149
1150
1148
1149
1148
1147
1149
1149
1151
1149
1148
1150
1148
1150
1148
1147
1147
1147
1147
1148
1147
1146
1149
1148
1147
1147
1149
1148
1147
1150
1147
1146
1148
1146
1146
1148
1148
1147
1146
1148
1147
1146
1146
1146
1147
1145
1146
1145
1145
1146
1147
1147
1146
1145
1145
1146
1144
1146
1146
1144
1145
1145
1145
1146
1145
1145
1144
1146
1145
1144
1144
1145
1144
1145
1144
1144
1144
1145
1144
1144
1144
1144
1144
1144
1143
1144
1143
1143
1143
1173
1172
1169
1170
1172
1174
1170
1172
1172
1171
1171
1173
1170
1174
1173
1170
1170
1173
1170
1174
1173
1171
1173
1174
1170
1172
1172
1171
1172
1171
1171
1170
1170
1169
1171
1170
1170
1169
1168
1169
1170
1171
1169
1169
1170
1168
1166
1168
1166
1167
1169
1167
1166
1166
1170
1167
1169
1167
1168
1168
1166
1165
1165
1166
1165
1169
1165
1166
1164
1165
1164
1163
1164
1165
1163
1164
1163
1162
1163
1163
1164
2113
2115
2113
2114
2113
2113
2112
2113
2113
2113
2112
2112
2112
2112
2115
2112
2112
2111
2110
2112
2110
2108
2111
2110
2117
2110
2112
2109
2108
2107
2108
2110
2115
2109
2112
2110
2114
2108
2108
2108
2112
2108
2108
2106
2108
2107
2117
2106
2108
2121
2107
2107
2120
2115
2111
2109
2113
2114
2107
2106
2121
2107
2107
2107
2123
2115
2106
2108
2105
2108
2124
2112
2111
2107
2107
2108
2108
2104
2107
2106
2115
2112
2107
2114
2105
2105
2105
2108
2105
2115
2109
2107
2103
2110
2107
2104
2113
2108
2108
2104
2113
2105
2111
2106
2110
2108
2106
2107
2107
2105
2108
2116
2107
2106
2110
2108
2106
2128
2106
2132
2133
2134
2132
2134
2133
2133
2133
2133
2134
2133
2133
2134
2133
2133
2135
2132
2133
2133
2135
2132
2132
2132
2134
2131
2132
2134
2132
2133
2132
2132
2132
2131
2131
2131
2131
2132
2132
2131
2131
2131
2131
2130
2131
2131
2135
2134
2131
2132
2131
2131
2131
2131
2136
2130
2130
2131
2135
2136
2130
2131
2134
2134
2134
2136
2130
2130
2130
2129
2130
2131
2130
2132
2131
2137
2131
2133
2130
2130
2134
2132
3082
3079
3079
3082
3084
3081
3083
3081
3080
3085
3080
3079
3081
3080
3080
3081
3081
3081
3080
3081
3080
3080
3081
3080
3080
3086
3080
3080
3081
3079
3080
3082
3080
3080
3079
3087
3080
3079
3080
3080
3080
3080
3082
3088
3089
3079
3088
3080
3080
3079
3080
3079
3079
3080
3080
3084
3083
3080
3079
3091
3079
3081
3079
3083
3080
3084
3080
3080
3079
3079
3080
3079
3080
3084
3079
3079
3083
3080
3079
3079
3079
3084
3078
3083
3079
3079
3079
3084
3083
3094
3082
3078
3087
3084
3083
3090
3079
3082
3083
3080
3082
3096
3081
3082
3087
3084
3083
3097
3082
3081
3082
3093
3094
3083
3083
3086
3097
3093
3082
3104
3104
3103
3103
3104
3105
3104
3103
3106
3104
3105
3103
3104
3105
3103
3104
3104
3105
3104
3105
3105
3103
3104
3107
3104
3104
3108
3104
3104
3104
3106
3106
3105
3105
3108
3104
3104
3104
3105
3105
3105
3106
3105
3105
3104
3104
3105
3111
3105
3105
3104
3105
3104
3104
3105
3105
3105
3104
3104
3104
3104
3104
3105
3105
3104
3104
3104
3107
3107
3106
3104
3107
3104
3105
3104
3104
3104
3105
3106
3105
3106
4054
4057
4056
4056
4056
4058
4058
4058
4059
4059
4057
4056
4056
4056
4057
4056
4057
4057
4058
4058
4058
4057
4062
4057
4062
4057
4057
4057
4057
4058
4056
4058
4057
4057
4058
4061
4057
4066
4060
4058
4057
4066
4060
4058
4059
4058
4067
4059
4059
4067
4068
4059
4067
4059
4068
4059
4059
4069
4060
4062
4060
4068
4061
4070
4057
4068
4056
4057
4057
4061
4056
4058
4071
4069
4057
4057
4057
4057
4058
4058
4058
4057
4057
4057
4058
4070
4057
4070
4070
4057
4069
4069
4058
4068
4058
4070
4068
4067
4059
4067
4076
4068
4062
4069
4060
4060
4060
4067
4061
4061
4060
4063
4062
4062
4063
4063
4062
4077
4063
4077
4078
4078
4078
4078
4077
4078
4078
4078
4078
4079
4078
4078
4079
4079
4080
4079
4079
4078
4079
4079
4080
4079
4082
4082
4080
4083
4080
4080
4081
4083
4080
4080
4079
4083
4080
4080
4080
4080
4080
4080
4080
4080
4080
4084
4080
4083
4085
4084
4084
4080
4080
4080
4080
4080
4081
4084
4083
4081
4083
4081
4082
4080
4082
4080
4081
4082
4081
4082
4081
4081
4081
4082
4082
4082
4081
4081
4081
4082
4081
4081
5035
5034
5033
5033
5033
5034
5035
5034
5036
5036
5034
5032
5031
5033
5036
5034
5037
5034
5033
5032
5034
5034
5033
5036
5031
5033
5034
5037
5033
5033
5037
5032
5033
5032
5034
5035
5033
5039
5035
5032
5031
5032
5035
5032
5039
5032
5032
5035
5035
5038
5040
5040
5041
5035
5037
5035
5035
5040
5033
5033
5035
5034
5033
5033
5035
5040
5037
5037
5036
5039
5040
5033
5041
5039
5034
5038
5041
5037
5042
5039
5038
5037
5034
5036
5038
5043
5042
5038
5034
5039
5035
5035
5035
5043
5038
5043
5039
5037
5038
5036
5037
5035
5036
5039
5041
5037
5038
5036
5039
5043
5037
5039
5040
5039
5038
5037
5039
5038
5037
5060
5059
5060
5060
5060
5060
5060
5060
5061
5062
5061
5061
5061
5062
5060
5060
5062
5060
5061
5062
5061
5061
5061
5061
5061
5062
5061
5061
5061
5061
5061
5061
5061
5062
5062
5062
5061
5061
5062
5061
5061
5061
5061
5062
5062
5062
5062
5061
5062
5061
5061
5061
5061
5062
5062
5062
5062
5062
5061
5062
5061
5062
5062
5062
5062
5062
5062
5062
5062
5056
5062
5063
5057
5057
5057
5057
5057
5056
5056
5056
5056