Java normal_threads
Número de chamadas: 100
Tempo médio de resposta: 1039.05ms
Mediana: 1038ms
Desvio Padrão: 7.819686694491026
Variância: 61.147499999999994
Mínimo: 1026ms
Máximo: 1058ms
Falharam 0 requisições


Tempos em millisegundos:

1046
1047
1049
1049
1048
1051
1043
1042
1047
1041
1043
1051
1050
1045
1051
1050
1047
1042
1041
1046
1044
1039
1048
1041
1043
1056
1050
1042
1038
1048
1040
1043
1038
1036
1038
1045
1038
1040
1035
1036
1044
1037
1036
1038
1051
1033
1039
1036
1036
1043
1034
1034
1041
1034
1033
1039
1034
1035
1033
1045
1052
1033
1032
1031
1034
1052
1032
1033
1044
1032
1031
1045
1030
1054
1030
1031
1040
1047
1030
1058
1029
1030
1029
1038
1036
1035
1031
1034
1029
1045
1030
1029
1029
1028
1027
1027
1026
1026
1027
1027