Java normal_threads
Número de chamadas: 250
Tempo médio de resposta: 1267.056ms
Mediana: 1081ms
Desvio Padrão: 381.99712677453476
Variância: 145921.80486399998
Mínimo: 1054ms
Máximo: 2038ms
Falharam 0 requisições


Tempos em millisegundos:

1099
1098
1097
1099
1095
1097
1099
1098
1097
1098
1099
1104
1102
1101
1100
1100
1103
1095
1099
1094
1095
1097
1099
1096
1088
1097
1097
1088
1096
1100
1087
1103
1096
1088
1088
1090
1088
1083
1086
1085
1086
1083
1085
1087
1088
1097
1096
1085
1084
1084
1087
1083
1083
1083
1089
1099
1083
1084
1076
1082
1083
1081
1100
1089
1081
1083
1080
1083
1080
1076
1078
1079
1080
1089
1076
1079
1075
1078
1110
1083
1079
1078
1085
1072
1074
1077
1074
1080
1076
1077
1093
1073
1074
1073
1075
1069
1093
1096
1082
1075
1074
1073
1076
1071
1069
1071
1073
1069
1079
1071
1073
1074
1074
1113
1070
1069
1076
1069
1067
1068
1066
1071
1072
1068
1074
1067
1066
1065
1070
1066
1071
1065
1070
1064
1064
1064
1065
1068
1066
1110
1070
1061
1063
1063
1062
1068
1063
1067
1064
1062
1063
1065
1063
1060
1065
1062
1061
1062
1062
1061
1064
1060
1060
1062
1060
1060
1061
1058
1059
1060
1058
1059
1059
1059
1058
1057
1058
1058
1057
1060
1058
1055
1056
1059
1056
1058
1056
1057
1057
1057
1058
1058
1056
1056
1055
1056
1055
1054
1055
1055
2026
2026
2025
2026
2025
2025
2028
2024
2024
2031
2032
2024
2024
2024
2031
2030
2027
2031
2024
2025
2031
2024
2031
2027
2034
2037
2036
2035
2036
2037
2036
2038
2034
2032
2036
2033
2035
2036
2031
2034
2034
2034
2033
2034
2033
2028
2032
2030
2033
2033