Java normal_threads
Número de chamadas: 500
Tempo médio de resposta: 1892.206ms
Mediana: 2074ms
Desvio Padrão: 718.5790113578323
Variância: 516355.79556399974
Mínimo: 1103ms
Máximo: 3057ms
Falharam 0 requisições


Tempos em millisegundos:

1152
1146
1142
1148
1151
1151
1152
1145
1141
1155
1153
1151
1141
1148
1147
1152
1143
1149
1149
1142
1146
1152
1146
1152
1147
1140
1154
1155
1146
1143
1145
1155
1141
1143
1145
1140
1156
1144
1152
1138
1144
1141
1141
1142
1141
1140
1134
1146
1137
1142
1140
1141
1141
1134
1139
1138
1141
1140
1136
1140
1134
1135
1133
1156
1134
1133
1135
1138
1133
1138
1139
1135
1130
1133
1136
1129
1131
1132
1131
1128
1129
1132
1132
1136
1130
1127
1129
1125
1126
1131
1127
1132
1127
1125
1127
1123
1125
1125
1126
1132
1130
1122
1126
1129
1125
1128
1123
1125
1122
1126
1122
1125
1125
1116
1132
1122
1121
1122
1119
1118
1124
1118
1129
1120
1115
1113
1122
1118
1122
1111
1123
1115
1111
1123
1124
1111
1117
1118
1117
1122
1122
1119
1110
1108
1114
1111
1108
1110
1117
1114
1110
1121
1117
1119
1108
1108
1111
1108
1118
1109
1116
1120
1116
1107
1113
1105
1110
1103
1107
1117
1109
1106
1119
1114
1104
1103
1109
1105
1116
1104
1116
1107
1117
1115
1104
1110
1116
1110
1106
1109
1107
1110
1107
1105
1109
1105
1109
1106
1148
1107
2082
2079
2081
2078
2082
2079
2081
2083
2081
2081
2083
2081
2084
2079
2079
2085
2079
2085
2083
2086
2076
2085
2078
2080
2079
2076
2084
2079
2075
2082
2077
2075
2079
2075
2080
2086
2073
2076
2072
2072
2076
2075
2073
2072
2080
2079
2072
2071
2074
2072
2074
2087
2077
2085
2075
2085
2077
2076
2073
2075
2080
2071
2073
2080
2074
2057
2057
2074
2074
2082
2073
2071
2069
2077
2071
2074
2074
2074
2082
2072
2077
2070
2074
2071
2075
2075
2073
2078
2072
2066
2071
2072
2076
2075
2077
2067
2070
2073
2075
2073
2070
2075
2077
2075
2068
2071
2076
2089
2073
2077
2075
2069
2071
2072
2074
2093
2077
2076
2076
2069
2071
2073
2076
2079
2073
2078
2077
2071
2072
2073
2093
2080
2076
2073
2073
2078
2074
2072
2081
2096
2077
2075
2078
2073
2075
2081
2081
2081
2075
2074
2078
2073
2081
2082
2078
2074
2079
2074
2100
2082
2074
2074
2079
2076
2075
2082
2074
2075
2082
2101
2076
2079
2082
2099
2082
2082
2078
2077
2076
2096
2083
2083
2082
2079
2076
2078
2093
2078
2085
2077
2082
2079
2082
2078
2082
2098
2079
2081
2078
2081
3048
3048
3048
3047
3047
3047
3047
3048
3048
3048
3051
3053
3048
3053
3048
3048
3053
3051
3049
3048
3049
3051
3054
3048
3052
3049
3052
3049
3048
3049
3053
3048
3055
3049
3056
3056
3055
3057
3057
3049
3055
3052
3049
3050
3056
3050
3056
3055
3053
3052
3056
3055
3052
3053
3055
3052
3052
3052
3056
3053
3052
3051
3050
3051
3051
3050
3051
3051
3052
3049
3049
3049
3048
3049
3048
3049
3049
3049
3049
3049
3049
3048
3048
3048
3048
3055
3055
3054
3054
3054
3053
3053
3053
3051
3053
3052
3051
3050
3052
3051