Java normal_threads
Número de chamadas: 1000
Tempo médio de resposta: 3145.436ms
Mediana: 3139ms
Desvio Padrão: 1369.5288934170007
Variância: 1875609.3899039945
Mínimo: 1195ms
Máximo: 5099ms
Falharam 4 requisições


Tempos em millisegundos:

1237
1234
1230
1229
1232
1238
1229
1236
1232
1232
1227
1232
1227
1229
1226
1235
1227
1225
1232
1229
1226
1239
1235
1231
1242
1240
1238
1226
1223
1230
1228
1243
1228
1222
1237
1222
1224
1239
1230
1225
1244
1229
1215
1217
1219
1221
1221
1231
1228
1224
1213
1242
1215
1218
1219
1219
1229
1231
1226
1243
1211
1214
1215
1214
1217
1232
1224
1225
1209
1213
1211
1212
1213
1214
1225
1223
1246
1209
1239
1208
1225
1212
1212
1222
1247
1238
1232
1230
1230
1211
1222
1210
1220
1228
1207
1206
1228
1224
1210
1221
1211
1218
1221
1222
1204
1204
1225
1210
1209
1218
1203
1202
1221
1204
1219
1202
1218
1210
1214
1211
1212
1203
1207
1203
1201
1212
1208
1203
1218
1201
1201
1200
1203
1201
1202
1218
1212
1208
1199
1199
1199
1200
1210
1206
1215
1200
1251
1199
1199
1209
1205
1253
1212
1197
1258
1196
1209
1197
1205
1211
1198
1197
1257
1197
1196
1246
1252
1211
1197
1205
1204
1258
1209
1203
1256
1196
1205
1201
1197
1197
1200
1198
1204
1201
1200
1195
1199
1195
1198
1197
1200
1199
1197
1197
1197
1196
1196
1196
1197
1196
2171
2171
2172
2170
2170
2172
2172
2172
2170
2171
2172
2170
2171
2169
2171
2170
2168
2168
2171
2170
2175
2168
2167
2168
2169
2169
2170
2172
2166
2167
2175
2165
2167
2167
2181
2169
2171
2164
2178
2166
2170
2166
2166
2164
2163
2170
2166
2163
2166
2180
2161
2162
2163
2181
2169
2180
2167
2181
2179
2165
2161
2162
2167
2166
2162
2162
2163
2164
2161
2161
2162
2163
2163
2162
2162
2160
2160
2160
2161
2161
2160
2160
2160
2160
2160
2166
2159
2159
2160
2160
2161
2161
2160
2160
2159
2159
2159
2189
2160
2160
2159
2160
2159
2159
2188
2187
2187
2159
2187
2159
2176
2159
2159
2159
2158
2188
2159
2159
2186
2188
2188
2159
2158
2159
2185
2185
2159
2159
2159
2159
2159
2161
2165
2158
2159
2159
2160
2186
2184
2157
2157
2183
2182
2158
2182
2181
2159
2182
2158
2179
2180
2181
2182
2181
2183
2171
2159
2180
2159
2179
2172
2176
2176
2178
2179
2176
2175
2179
2177
2171
2179
2173
2176
2175
2174
2171
2178
2172
2175
2173
2172
2175
2174
2168
2172
2163
2170
2169
2168
2168
2170
2174
2167
2173
2163
2169
2168
2167
2165
2164
3139
3138
3139
3142
3142
3140
3141
3141
3144
3143
3143
3144
3144
3142
3144
3140
3141
3140
3142
3141
3142
3140
3142
3144
3142
3146
3142
3140
3140
3139
3140
3140
3137
3137
3141
3143
3137
3141
3146
3138
3141
3146
3137
3138
3137
3137
3145
3146
3138
3138
3146
3138
3147
3137
3139
3139
3137
3138
3144
3137
3139
3137
3147
3137
3144
3138
3137
3137
3144
3145
3139
3139
3137
3138
3136
3142
3138
3140
3141
3141
3137
3137
3148
3147
3136
3140
3140
3138
3138
3139
3137
3137
3141
3136
3139
3137
3138
3140
3137
3136
3136
3151
3139
3137
3138
3138
3141
3136
3138
3136
3136
3137
3141
3138
3137
3138
3140
3137
3136
3136
3137
3152
3142
3137
3138
3137
3140
3150
3139
3142
3137
3137
3142
3140
3136
3136
3136
3136
3141
3139
3137
3136
3136
3138
3137
3158
3137
3151
3141
3136
3155
3135
3137
3155
3160
3140
3137
3160
3157
3136
3157
3135
3136
3156
3136
3136
3135
3136
3155
3162
3139
3135
3140
3137
3136
3144
3142
3142
3136
3139
3139
3138
3140
3136
3139
3137
3163
3137
3140
3137
3137
3140
3141
3144
3139
3143
3151
3140
3145
3156
4113
4113
4112
4111
4112
4113
4118
4117
4115
4115
4115
4116
4117
4113
4113
4113
4112
4113
4114
4113
4113
4112
4113
4120
4113
4113
4119
4113
4119
4113
4112
4112
4121
4120
4112
4122
4122
4112
4113
4112
4123
4113
4113
4112
4114
4113
4113
4114
4113
4113
4112
4118
4112
4111
4124
4113
4112
4113
4112
4111
4111
4124
4112
4124
4112
4113
4111
4124
4110
4110
4111
4126
4111
4116
4114
4112
4111
4110
4111
4112
4111
4116
4112
4111
4113
4113
4112
4112
4112
4111
4112
4112
4111
4112
4112
4112
4112
4111
4111
4111
4131
4110
4111
4111
4126
4110
4111
4111
4110
4111
4110
4110
4111
4133
4109
4107
4110
4110
4108
4108
4108
4111
4108
4111
4107
4107
4108
4107
4107
4106
4107
4107
4108
4106
4132
4131
4106
4127
4127
4106
4129
4106
4130
4107
4128
4128
4127
4127
4127
4127
4126
4129
4129
4125
4125
4116
4117
4123
4124
4125
4122
4115
4130
4118
4119
4124
4124
4120
4118
4109
4121
4123
4112
4122
4111
4129
4111
4113
4124
4114
4122
4128
4124
4112
4126
4112
4121
4121
4124
4111
4119
4123
4119
4113
4111
4112
4122
4112
4112
4112
5087
5087
5087
5087
5087
5087
5088
5088
5088
5088
5087
5087
5087
5087
5087
5085
5086
5083
5084
5089
5084
5086
5073
5086
5085
5087
5088
5091
5084
5088
5089
5083
5082
5090
5086
5085
5087
5090
5091
5076
5082
5090
5084
5089
5085
5093
5089
5088
5092
5088
5089
5091
5093
5089
5083
5085
5091
5088
5089
5091
5084
5078
5088
5086
5084
5090
5089
5089
5088
5089
5081
5077
5079
5093
5085
5087
5084
5095
5088
5088
5090
5086
5077
5088
5080
5090
5093
5078
5088
5091
5077
5088
5088
5088
5092
5077
5083
5095
5088
5088
5091
5088
5080
5092
5092
5081
5094
5096
5078
5084
5078
5080
5092
5092
5095
5075
5085
5083
5076
5084
5094
5092
5090
5076
5099
5076
5084
5077
5087
5083
5076
5084
5083
5081
5077
5086
5083
5077
5082
5077
5078
5077
5078
5077
5078
5077
5077
5077
5097
5077
5096
5096
5096
5097
5078
5096
5095
5078
5077
5077
5094
5096
5078
5095
5086
5078
5078
5095
5078
5092
5092
5079
5078
5078
5078
5091
5090
5078
5090
5079
5089
5087
5088
5089
5079
5086
5082
5079
5080
5083
5082
5082
5083
5081
5082
5082
5079
5081
5080
5082