Java normal_threads
Número de chamadas: 250
Tempo médio de resposta: 26202.728ms
Mediana: 27446ms
Desvio Padrão: 7245.359761807278
Variância: 52495238.07801602
Mínimo: 11712ms
Máximo: 36319ms
Falharam 0 requisições


Tempos em millisegundos:

11712
11935
12142
12319
12849
12954
13077
13187
13361
13433
13560
13662
13807
13897
13994
14189
14312
14405
14523
14605
14749
15150
15252
15412
15501
15654
15731
15872
15964
16065
16256
16340
16414
16557
16690
16869
16968
17105
17190
17291
17407
17504
17656
17772
17863
17997
18087
18250
18347
18476
18561
18642
18829
18920
19022
19141
19225
19346
19435
19571
19641
19726
19897
19973
20064
20164
20268
20391
20483
20612
20699
20794
21013
21089
21175
21289
21400
21596
21698
21882
21968
22048
22233
22317
22397
22497
22569
22688
22776
22932
23055
23170
23365
23454
23560
23674
23758
23934
24024
24151
24259
24355
24534
24635
24728
24855
25034
25163
25307
25408
25735
25850
26156
26258
26421
26497
26579
26681
26795
26899
26990
27098
27201
27261
27397
27495
27618
27732
28005
28088
28210
28305
28380
28456
28607
28663
28807
28856
28958
29071
29172
29314
29388
29487
29580
29648
29809
29885
29945
30052
30144
30280
30359
30507
30589
30687
30790
30907
31017
31118
31178
31242
31259
31343
31394
31419
31510
31543
31609
31669
31759
31836
31862
31949
31979
32033
32088
32136
32199
32261
32333
32380
32431
32450
32562
32610
32625
32715
32769
32828
32866
32912
32985
33019
33084
33128
33203
33250
33428
33471
33554
33624
33702
33754
33814
33874
33929
33958
34031
34097
34158
34172
34264
34304
34358
34415
34466
34546
34582
34640
34721
34765
34827
34899
34957
34994
35045
35087
35168
35239
35259
35299
35378
35427
35486
35575
35606
35685
35720
35767
35838
35867
35933
36009
36042
36126
36155
36215
36262
36319