Java normal_threads
Número de chamadas: 1000
Tempo médio de resposta: 73895.067ms
Mediana: 73808.5ms
Desvio Padrão: 35507.01586566392
Variância: 1260748175.684509
Mínimo: 12199ms
Máximo: 132026ms
Falharam 4 requisições


Tempos em millisegundos:

12199
12345
12601
13027
13138
13247
13350
13475
13599
13745
13852
13922
14070
14164
14300
14399
14558
14647
14726
14840
14933
15051
15143
15286
15383
15453
15560
15637
15767
15845
15979
16043
16120
16493
16570
16729
16826
16978
17064
17222
17298
17392
17551
17636
17716
17861
17936
18080
18183
18361
18421
18508
18635
18703
18852
18937
19111
19211
19309
19445
19526
19658
19727
19888
19984
20069
20197
20277
20499
20578
20653
20773
20862
20991
21087
21202
21290
21387
21532
21611
21798
21897
21965
22128
22224
22371
22456
22596
22678
22853
22940
23018
23138
23206
23348
23421
23552
23643
23741
23903
24068
24194
24291
24496
24626
24774
24860
24986
25089
25194
25571
25891
25955
26111
26187
26350
26434
26592
26690
26770
26891
27020
27167
27256
27411
27538
27657
27799
27953
28061
28153
28376
28484
28610
28823
28916
29060
29173
29305
29382
29514
29606
29694
29881
29979
30087
30211
30297
30429
30532
30678
30762
30839
30979
31055
31235
31318
31422
31575
31676
31851
31977
32124
32230
32334
32488
32549
32705
32821
32958
33031
33149
33233
33381
33471
33609
33680
33758
33951
34049
34168
34294
34383
34545
34636
34981
35079
35239
35349
35461
35609
35712
35860
35947
36115
36206
36310
36487
36584
36774
36848
36925
37010
37086
37166
37249
37874
37968
38133
38187
38404
38488
38562
38685
38784
38898
39132
39349
39429
39524
39626
39732
39845
39916
40103
40228
40326
40456
40538
40666
40721
40894
40963
41039
41203
41298
41507
41619
41708
41857
41933
42082
42133
42257
42337
42409
42557
42630
42825
42956
43074
43234
43352
43533
43614
43745
43816
43893
44030
44103
44293
44386
44473
44608
44760
44842
44961
45113
45208
45303
45408
45484
45632
45729
45873
45944
46063
46150
46265
46392
46510
46600
46806
46936
47068
47219
47349
47443
47552
47665
47776
47928
48003
48094
48214
48318
48495
48584
48777
48886
49011
49224
49376
49497
49625
49712
49878
50043
50907
51117
51324
51406
51598
51724
51797
51927
52083
52248
52340
52505
52610
52735
52878
52957
53108
53230
53309
53431
53515
53664
53739
53871
53949
54018
54150
54225
54380
54487
54564
54677
54755
54901
54992
55110
55192
55307
55434
55504
55678
55794
55893
56029
56133
56282
56386
56624
56731
56864
56979
57175
57276
57363
57480
57544
57695
57786
57969
58046
58148
58281
58356
58536
58644
58738
58859
58937
59077
59151
59276
59378
59522
59603
59707
59799
59939
60070
60149
60305
60434
60606
60767
60902
61049
61166
61277
61378
61505
61585
61669
61785
61873
62040
62132
62303
62398
62605
62706
62789
63330
63415
63536
63629
63758
63834
64008
64118
64298
64399
64463
64653
64781
64887
65029
65109
65287
65355
65534
65614
65705
65831
65917
66107
66196
66274
66418
66553
66713
66808
66968
67056
67146
67289
67384
67590
67708
67794
67902
67979
68148
68236
68364
68434
68504
68661
68751
68836
68942
69038
69155
69240
69441
69577
69694
69868
69890
69986
70049
70163
70244
70405
70495
70633
70713
70847
70953
71038
71132
71252
71334
71475
71554
71754
71826
71899
72035
72114
72286
72362
72494
72585
72709
72863
72946
73055
73165
73291
73415
73490
73619
73704
73913
74021
74157
74244
74315
74437
74502
74617
74741
75306
75386
75620
75858
75940
76015
76158
76258
76414
76481
76627
76694
76760
76907
76987
77062
77167
77276
77406
77505
77635
77827
77901
78091
78182
78256
78390
78466
78670
78866
78995
79092
79247
79333
79470
79541
79697
79779
79878
80065
80156
80243
80409
80516
80675
80869
80953
81105
81192
81355
81434
81606
81713
81802
81938
82022
82162
82253
82402
82500
82599
82767
82848
82921
83027
83102
83229
83294
83439
83529
83623
83885
83966
84115
84290
84397
84492
84594
84709
84850
84947
85021
85140
85228
85367
85454
85580
85650
85744
85910
86000
86093
86245
86460
86549
86673
86765
86928
87011
87103
87223
87448
87556
87655
87728
87904
88018
88201
88293
88377
88524
88600
88757
88838
88963
89038
89136
89322
89423
89549
89645
89725
89859
89972
90142
90236
90331
90432
90540
90898
91015
91119
91282
91353
91503
91579
91708
91790
91869
92023
92143
92215
92359
92446
92571
92658
92820
92909
93033
93104
93247
93333
93536
93615
93845
93960
94065
94253
94364
94504
94593
94798
94920
95027
95168
95260
95399
95481
95633
95711
95801
96106
96206
96368
96460
96619
96695
96846
96943
97021
97149
97229
97393
97485
97602
97693
97825
97923
98074
98233
98340
98519
98665
98785
98965
99118
99239
99368
99473
99580
99730
99826
99914
100035
100205
100300
100468
100577
100686
100835
100924
101104
101230
101317
101444
101543
101715
101795
101930
102091
102278
102384
102565
102673
102763
102889
102981
103142
103217
103506
103652
103731
103866
103942
104086
104188
104390
104498
104584
104737
104846
105005
105100
105255
105382
105523
105708
105798
105879
106015
106098
106235
106303
106454
106691
106774
106907
106986
107115
107199
107379
107470
107552
107688
107760
107892
107983
108143
108226
108315
108517
108702
108796
108893
108969
109096
109234
109407
109491
109657
109747
109860
110018
110195
110308
110470
110540
110629
110765
110897
111149
111277
111376
111540
111633
111719
111830
111903
112027
112117
112273
112368
112494
112575
112698
112896
113124
113213
113293
113417
113498
113634
113716
113855
113944
114038
114223
114373
114499
114619
114707
114839
114915
115044
115126
115266
115359
115431
115546
115671
115792
115926
116075
116290
116472
116597
116821
116913
117001
117161
117240
117403
117512
117652
117746
117856
118059
118162
118270
118420
118521
118671
118762
118960
119073
119159
119342
119431
119561
119636
119822
119924
120055
120154
120280
120469
120542
120631
120790
120884
121011
121163
121397
121481
121645
121711
121842
121929
122047
122130
122226
122363
122467
122661
122768
122970
123069
123200
123323
123437
123553
123757
123868
123966
124108
124164
124295
124385
124474
124620
124729
124837
124979
125069
125173
125353
125438
125625
125720
125840
125973
126068
126203
126280
126447
126520
126717
126805
126913
127046
127150
127288
127353
127471
127573
127669
127728
127833
127904
128120
128192
128321
128398
128469
128572
128644
128751
128823
128917
128980
129027
129101
129156
129208
129266
129314
129379
129426
129491
129542
129585
129662
129726
129891
129938
130005
130054
130119
130167
130238
130307
130345
130407
130455
130521
130570
130635
130681
130731
130812
130871
130930
130984
131034
131100
131151
131219
131267
131317
131394
131455
131500
131562
131612
131677
131727
131792
131842
131889
131961
132026