Java normal_threads
Número de chamadas: 500
Tempo médio de resposta: 43312.276ms
Mediana: 44271.5ms
Desvio Padrão: 17655.260512148325
Variância: 311708223.75182396
Mínimo: 11869ms
Máximo: 69689ms
Falharam 0 requisições


Tempos em millisegundos:

11869
12068
12238
12459
12526
12601
12710
12778
13137
13227
13367
13483
13643
13723
13812
13964
14042
14480
14562
14687
14773
14957
15016
15163
15242
15326
15505
15598
15692
15819
15932
16063
16161
16303
16396
16482
16615
16706
16861
16976
17066
17188
17286
17426
17509
17667
17776
17906
18060
18152
18356
18478
18564
18681
18751
18892
18965
19118
19180
19249
19374
19499
19664
19761
19858
20028
20155
20296
20397
20596
20665
20766
20859
21065
21139
21228
21341
21437
21597
21685
21818
21915
21989
22198
22296
22446
22604
22702
22860
22940
23144
23237
23347
23541
23641
23741
23862
23939
24096
24152
24437
24535
24698
24782
24927
25017
25175
25322
25475
25608
25688
25815
25901
26027
26103
26199
26349
27085
27225
27345
27525
27629
27757
27833
28008
28114
28237
28429
28544
28647
28785
28898
29063
29171
29347
29449
29538
29712
29772
29977
30083
30164
30329
30424
30621
30739
30904
30985
31075
31232
31340
31536
31633
31721
31847
31940
32094
32167
32291
32401
32494
32681
32791
32862
32996
33073
33246
33335
33485
33589
33695
33943
34094
34248
34359
34452
34614
34743
34925
35013
35106
35281
35375
35454
35577
35657
35801
35886
36047
36127
36201
36352
36467
36542
36649
36743
36924
36996
37114
37185
37454
37538
37657
37828
37911
37957
38122
38217
38362
38486
38648
38759
38868
39122
39199
39322
39425
40109
40208
40356
40458
40634
40718
40797
40911
41020
41219
41322
41475
41565
41663
41847
41928
42129
42231
42342
42517
42621
42764
42862
43031
43147
43330
43482
43576
43755
43850
43996
44091
44217
44326
44388
44524
44635
44839
44920
44991
45116
45206
45334
45413
45544
45621
45711
45863
45944
46075
46209
46309
46510
46633
46782
46857
46913
47151
47242
47329
47444
47544
47698
47763
47899
48016
48088
48268
48363
48473
48622
48709
48865
48932
49081
49229
49355
49505
49615
49698
49845
49918
50068
50342
50421
50569
50651
50791
50866
51039
51126
51229
51392
51488
51588
51673
51817
51909
51988
52208
52426
52541
52711
52815
52976
53051
53115
53221
53292
53393
53460
53888
54194
54292
54464
54522
54658
54729
54934
55063
55164
55308
55431
55586
55668
55849
55937
56019
56142
56229
56452
56511
56612
56793
56889
57060
57167
57335
57433
57513
57771
57869
57969
58125
58173
58310
58393
58529
58623
58681
58849
58946
59031
59171
59272
59422
59484
59634
59731
59784
59978
60112
60184
60355
60434
60579
60658
60782
60849
60953
61129
61232
61330
61439
61559
61716
61799
61934
62041
62129
62288
62502
62610
62800
62898
63010
63090
63256
63321
63426
63555
63648
63777
63876
64019
64086
64172
64342
64426
64505
64661
64752
64858
64915
64978
65026
65089
65137
65351
65406
65466
65599
65648
65702
65770
65828
65876
65929
65994
66039
66106
66161
66254
66273
66325
66387
66438
66523
66577
66632
66701
66752
66817
66857
66942
66972
67019
67102
67166
67216
67280
67324
67388
67440
67507
67563
67616
67692
67742
67796
67859
67906
67972
68032
68086
68147
68194
68265
68342
68381
68448
68480
68558
68608
68672
68715
68765
68851
68898
68956
69028
69076
69122
69169
69232
69284
69343
69420
69468
69517
69586
69636
69689