Java normal_threads
Número de chamadas: 100
Tempo médio de resposta: 15449.6ms
Mediana: 15516ms
Desvio Padrão: 1814.4343526289397
Variância: 3292172.0199999996
Mínimo: 11970ms
Máximo: 18496ms
Falharam 0 requisições


Tempos em millisegundos:

11970
12086
12213
12496
12565
12713
12750
12828
12895
12935
13017
13058
13116
13174
13218
13295
13329
13394
13458
13500
13583
13652
13671
13759
13785
13845
13915
13966
14181
14230
14301
14338
14404
14456
14545
14577
14641
14717
14763
14824
14864
15026
15082
15134
15178
15262
15321
15364
15432
15482
15550
15585
15642
15690
15752
15826
15902
15954
16025
16062
16127
16188
16263
16297
16363
16436
16514
16542
16636
16688
16739
16788
16879
16905
16961
17067
17122
17166
17242
17292
17344
17424
17477
17541
17586
17665
17722
17762
17847
17888
17958
18009
18071
18117
18168
18248
18335
18369
18422
18496