Java virtual_threads
Número de chamadas: 250
Tempo médio de resposta: 27155.976ms
Mediana: 29103ms
Desvio Padrão: 8015.091148042171
Variância: 64241686.11142396
Mínimo: 13162ms
Máximo: 38356ms
Falharam 0 requisições


Tempos em millisegundos:

13162
13268
13386
13473
13520
13813
13862
14024
14322
14424
14466
14634
14663
14819
14866
15001
15066
15147
15253
15344
15508
15618
15654
15757
15863
15968
16045
16130
16212
16291
16411
16485
16622
16690
16773
16879
16957
17070
17116
17223
17314
17384
17536
17585
17691
17752
17854
17971
18049
18180
18248
18320
18454
18521
18597
18673
18735
18849
18930
19053
19127
19198
19324
19406
19474
19584
19648
19798
19856
19973
20038
20170
20204
20381
20428
20517
20628
20704
20772
20844
20980
21078
21126
21285
21337
21420
21506
21581
21713
21750
21896
21963
22044
22198
22227
22314
22427
22480
22606
22672
26494
26611
26705
26769
26878
26970
27027
27124
27360
27468
27575
27797
27886
28064
28123
28266
28331
28395
28538
28598
28716
28767
28907
28955
29047
29159
29240
29307
29385
29454
29569
29635
29734
29799
29877
30016
30090
30149
30270
30328
30463
30508
30669
30731
30883
30955
31005
31129
31185
31280
31348
31483
31533
31726
31796
31940
31998
32070
32182
32268
32351
32416
32518
32617
32656
32792
32860
32995
33072
33163
33236
33345
33411
33536
33607
33682
33764
33842
33962
34031
34135
34210
34273
34404
34475
34524
34589
34642
34699
34745
34812
34859
34893
34986
35045
35103
35158
35201
35264
35314
35517
35568
35636
35683
35753
35803
35881
35933
35983
36049
36100
36166
36209
36275
36335
36371
36450
36516
36560
36638
36686
36750
36803
36863
36910
36966
37040
37107
37150
37215
37264
37332
37375
37440
37489
37541
37620
37675
37730
37794
37833
37899
37949
38024
38055
38121
38181
38235
38285
38356