Java virtual_threads
Número de chamadas: 500
Tempo médio de resposta: 30034.892ms
Mediana: 30762.5ms
Desvio Padrão: 7829.391856864491
Variância: 61299376.848336
Mínimo: 12925ms
Máximo: 44699ms
Falharam 205 requisições


Tempos em millisegundos:

12925
13280
13380
13538
13603
13590
13697
13849
13915
14012
14095
14242
14337
14335
14528
14604
14651
14731
14801
14956
15020
15128
15166
15246
15359
15457
15477
15617
15657
15817
15902
16103
16234
16317
16404
16429
16514
16611
16752
16857
16893
17030
17051
17176
17334
17331
17484
17580
17651
17766
17783
17950
18132
18193
18258
18395
18441
18546
18702
18707
18798
18951
19000
19082
19217
19320
19415
19504
19565
19691
19774
19839
19907
20093
20184
20257
20281
20423
20492
20613
20731
20789
20788
20968
21050
21165
21178
21314
21371
21513
21640
21640
21702
21888
21995
22029
22145
22159
22366
22354
23925
23941
24041
24147
24316
24417
24497
24617
24662
24836
24860
24990
25080
25144
25267
25307
25477
25528
25585
25707
25748
25917
25953
26119
26166
26291
26368
26441
26591
26618
26737
26925
27061
27162
27188
27314
27406
27535
27588
27668
27735
27871
27940
28043
28132
28214
28280
28363
28508
28575
28687
28792
30094
30212
30305
30442
30451
30487
30458
30491
30459
30461
30461
30456
30525
30462
30499
30517
30457
30500
30511
30485
30524
30460
30455
30455
30465
30496
30481
30528
30484
30547
30507
30526
30526
30487
30504
30531
30549
30514
30480
30479
30481
30520
30542
30537
30528
30488
30540
30484
30480
30476
30482
30484
30486
30487
30514
30483
30484
30487
30483
30493
30508
30500
30629
30728
30744
30737
30743
30739
30762
30749
30754
30763
30751
30756
30743
30751
30753
30751
30758
30755
30734
30752
30767
30765
30742
30757
30741
30765
30759
30755
30766
30769
30763
30762
30760
30764
30766
30759
30770
30744
30771
30759
30768
30762
30762
30778
30754
30777
30766
30753
30769
30773
30755
30781
30776
30774
30774
30777
30775
30762
30819
30786
30762
30785
30784
30763
30775
30785
30780
30780
30784
30778
30792
30787
30790
30788
30801
30787
30776
30776
30885
30880
30805
30806
30811
30797
30814
30817
30828
30829
30832
30828
30810
30821
30819
30834
30821
30826
30799
30820
30823
30825
30816
30817
30812
30802
30818
30802
30814
30821
30824
30818
30815
30804
30814
30827
30818
30824
30809
30830
30829
30834
30826
30833
30811
30826
30830
30827
30827
30824
30839
30837
30828
30813
30839
30838
30817
30920
31006
31017
31119
31223
31334
31459
31511
31677
31749
31772
31875
31944
32104
32141
32237
32306
32371
32549
32653
32606
32617
32620
32613
32617
32779
32846
33032
33106
33177
33242
33310
33455
33542
33630
33668
33760
33919
33968
34032
34155
34200
34317
34268
34267
34274
34273
34273
34276
34270
34274
34432
34549
34655
34659
34742
38058
38159
38218
38364
38531
38610
38689
38765
38826
38992
39017
39164
39257
39333
39376
39509
39664
39711
39761
39842
39937
40039
40123
40238
40301
40493
40524
40602
40724
40835
40926
40947
41121
41211
41244
41328
41371
41398
41454
41520
41566
41644
41682
41730
41850
41869
41899
41988
42071
42146
42190
42189
42382
42468
42506
42508
42568
42619
42691
42778
42794
42858
42909
42972
43021
43082
43127
43178
43255
43310
43359
43425
43467
43530
43580
43645
43695
43743
43821
43878
43925
43988
44031
44090
44146
44211
44256
44303
44376
44435
44474
44535
44589
44652
44699