Java virtual_threads
Número de chamadas: 1000
Tempo médio de resposta: 33256.8ms
Mediana: 34107.5ms
Desvio Padrão: 5902.773595692122
Variância: 34842736.122000106
Mínimo: 13428ms
Máximo: 46654ms
Falharam 905 requisições


Tempos em millisegundos:

13428
13435
13660
13638
13825
14197
14347
14681
14759
14861
14966
15057
15082
15233
15290
15376
15444
15584
15706
15736
15793
15956
16072
16134
16210
16344
16403
16451
16535
16719
16815
16882
16966
17032
17161
17240
17254
17431
17503
17625
17659
17819
17859
18014
18101
18181
18265
18317
18370
18476
18652
18719
18770
18916
18981
19123
19186
19242
19405
19473
19549
19631
19737
19829
19867
20000
20023
20208
20279
20392
20453
20622
20614
20766
20866
20941
21013
21055
21222
21192
21355
21477
21538
21615
21771
21838
21938
21998
22063
22155
22281
22357
22414
22552
22610
22753
22852
22867
22945
23077
26447
26562
26616
26699
26884
26928
27014
27491
27547
27639
27843
27952
28069
28140
28277
28370
28460
28483
28625
28670
28712
28778
28913
28945
29104
29092
29189
29570
29666
29725
29812
29898
30018
30148
30186
30271
30495
30547
30639
30804
30879
30989
31047
31210
31213
31323
31432
31482
31671
31725
31852
31914
31993
32128
32199
32366
32368
32500
32544
32620
32789
32860
32905
33036
33108
33260
33279
33403
33455
33581
33673
33720
33902
33957
34116
34082
34084
34114
34072
34080
34079
34136
34151
34106
34146
34098
34100
34071
34090
34093
34146
34089
34157
34104
34123
34086
34122
34123
34036
34041
34036
34076
34036
34036
34081
34036
34034
34035
34037
34138
34036
34036
34031
34036
34037
34031
34016
34016
34034
34027
34086
34013
34015
34091
34018
34019
34020
34017
34025
34131
34020
34018
34022
34019
34082
34020
34024
34023
34024
34020
34092
33997
34003
33999
33999
34085
34131
34153
34092
34139
34087
34088
34089
34092
34104
34118
34163
34109
34092
34091
34089
34122
34087
34145
34096
34147
34133
34090
34150
34097
34083
34164
34118
34158
34107
34111
34088
34110
34163
34090
34110
34088
34097
34094
34104
34093
34096
34092
34105
34098
34093
34094
34095
34163
34093
34099
34101
34097
34131
34100
34095
34099
34100
34097
34098
34102
34098
34097
34103
34096
34092
34104
34104
34103
34097
34095
34106
34098
34100
34094
34095
34098
34093
34105
34100
34096
34094
34101
34096
34100
34101
34100
34098
34102
34096
34102
34096
34102
34102
34101
34100
34105
34101
34100
34101
34100
34101
34102
34105
34103
34102
34101
34099
34101
34102
34102
34103
34103
34101
34101
34100
34118
34100
34099
34101
34099
34100
34099
34100
34098
34100
34099
34102
34098
34099
34104
34099
34100
34099
34100
34107
34098
34099
34099
34098
34101
34101
34103
34108
34103
34101
34102
34100
34099
34099
34105
34103
34099
34104
34154
34101
34108
34102
34099
34110
34098
34099
34100
34101
34097
34096
34097
34096
34100
34106
34103
34097
34096
34096
34095
34096
34097
34104
34096
34094
34099
34101
34101
34088
34088
34104
34096
34103
34092
34092
34097
34141
34097
34094
34100
34150
34102
34099
34094
34093
34096
34101
34093
34100
34097
34103
34099
34100
34102
34092
34097
34105
34095
34104
34102
34105
34101
34109
34106
34108
34113
34100
34107
34109
34111
34110
34111
34099
34105
34109
34106
34096
34109
34103
34098
34103
34099
34100
34099
34101
34105
34104
34104
34106
34101
34102
34104
34107
34101
34106
34105
34108
34107
34099
34099
34106
34099
34099
34099
34099
34099
34099
34206
34099
34099
34099
34100
34100
34101
34106
34111
34102
34103
34103
34103
34112
34105
34104
34103
34104
34104
34104
34104
34106
34104
34105
34107
34106
34105
34105
34109
34124
34107
34106
34107
34111
34106
34107
34106
34107
34107
34119
34111
34109
34107
34106
34106
34107
34106
34119
34106
34106
34106
34106
34110
34111
34114
34111
34124
34111
34110
34133
34110
34112
34111
34111
34140
34115
34121
34117
34116
34116
34116
34117
34123
34118
34118
34120
34129
34117
34118
34118
34118
34119
34141
34117
34131
34127
34126
34127
34127
34128
34127
34128
34124
34137
34127
34124
34124
34125
34124
34132
34128
34123
34126
34124
34111
34111
34126
34112
34126
34134
34280
34114
34113
34137
34136
34128
34133
34258
34140
34275
34226
34246
34218
34143
34267
34219
34244
34300
34275
34271
34217
34215
34214
34301
34244
34130
34209
34216
34215
34211
34205
34272
34210
34206
34220
34209
34209
34155
34205
34211
34122
34209
34207
34206
34209
34212
34208
34204
34213
34207
34204
34208
34206
34207
34204
34213
34207
34213
34213
34205
34204
34204
34203
34202
34204
34204
34205
34204
34203
34204
34215
34202
34202
34204
34217
34204
34206
34220
34202
34203
34205
34206
34207
34210
34207
34214
34203
34205
34204
34215
34205
34206
34205
34209
34203
34204
34202
34204
34205
34211
34204
34202
34202
34202
34203
34202
34203
34205
34206
34203
34201
34202
34203
34198
34205
34199
34197
34206
34199
34198
34189
34196
34198
34198
34193
34189
34193
34187
34199
34199
34208
34199
34195
34194
34201
34198
34193
34194
34197
34199
34194
34200
34200
34211
34201
34196
34195
34200
34202
34204
34192
34202
34204
34204
34182
34179
34193
34201
34189
34180
34179
34176
34181
34194
34179
34178
34178
34177
34185
34177
34178
34178
34177
34175
34177
34179
34191
34176
34177
34175
34174
34178
34173
34180
34172
34167
34155
34178
34177
34154
34168
34240
34242
34231
34233
34236
34235
34223
34247
34216
34214
34197
34194
34190
34188
34193
34193
34182
34181
34206
34163
34161
34172
34170
34171
34164
34163
34163
34173
34164
34172
34164
34165
34175
34165
34166
34166
34165
34168
34176
34166
34167
34167
34174
34168
34169
34170
34176
34177
34178
34179
34176
34176
34179
34168
34169
34175
34171
34169
34179
34172
34170
34171
34178
34177
34179
34172
34386
34487
34588
34644
34709
34793
34879
34975
35051
35211
35279
35349
35481
35510
35580
35722
35822
35850
35960
36068
36185
36251
36339
36403
36523
36593
38434
38654
38795
38931
38959
39077
39121
39511
39608
39711
39835
39951
39997
40119
40139
40279
40313
40471
40556
40605
40704
40820
40889
40938
41039
41145
41206
42319
42478
42591
42639
42738
42753
42796
42839
42974
42965
43091
43120
43166
43216
43309
43337
43486
43575
43652
43662
43770
43820
43828
43898
43927
44025
44097
44159
44213
44251
44361
44396
44448
44476
44523
44659
44636
44693
44799
44789
44898
44953
44984
45094
45097
45210
45253
45325
45352
45397
45438
45522
45572
45658
45658
45700
45762
45858
45940
45933
45997
46124
46152
46162
46282
46316
46314
46434
46421
46471
46563
46641
46654