Java virtual_threads
Número de chamadas: 100
Tempo médio de resposta: 16623.7ms
Mediana: 16684ms
Desvio Padrão: 1719.9533801821494
Variância: 2958239.6300000013
Mínimo: 13307ms
Máximo: 19486ms
Falharam 0 requisições


Tempos em millisegundos:

13307
13439
13514
13578
13756
13776
14049
14098
14191
14220
14293
14358
14403
14458
14503
14567
14623
14690
14763
14850
14881
14947
14984
15058
15129
15198
15244
15301
15361
15422
15599
15623
15707
15765
15809
15870
15901
15968
16030
16106
16135
16191
16264
16285
16370
16420
16489
16563
16588
16649
16719
16778
16821
16886
16938
16992
17057
17131
17165
17233
17274
17342
17404
17438
17524
17575
17619
17688
17746
17815
17842
17900
17944
17995
18092
18156
18183
18270
18283
18365
18413
18466
18518
18562
18662
18701
18768
18816
18839
18903
18981
19037
19085
19118
19182
19256
19310
19383
19416
19486